code,type,subType,grade,min_level,powder,stat1Type,stat2Type,stat3Type,stat1,stat2,stat3,stat1RandRange,stat2RandRange,stat3RandRange,stat2RevealRate,stat3RevealRate,mat1Code,mat2Code,mat3Code,mat4Code,mat1Count,mat2Count,mat3Count,mat4Count,rarity,setid,v1,v2,v3
101,1,1,1,1,2,1,0,0,17,0,0,2,0,0,0,0,1,0,0,0,2,0,0,0,19,0,0,0,0
102,1,1,1,1,2,1,0,0,24,0,0,2,0,0,0,0,21,1,0,0,2,1,0,0,29,0,0,0,0
103,1,1,1,1,4,1,0,0,30,0,0,3,0,0,0,0,23,1,0,0,1,1,0,0,48,0,0,0,0
104,1,1,1,1,4,1,3,0,46,8,0,5,3,0,50,0,22,2,0,0,3,2,0,0,95,0,0,0,0
105,1,1,1,2,6,1,2,0,66,8,0,7,4,0,50,0,23,2,0,0,3,1,0,0,133,0,0,0,0
111,1,1,2,3,10,1,0,0,140,0,0,14,0,0,0,0,24,5,0,0,2,1,0,0,761,0,0,0,0
112,1,1,2,3,20,1,0,0,240,0,0,24,0,0,0,0,24,26,5,0,1,1,1,0,1903,0,0,0,0
113,1,1,2,3,30,1,0,0,260,0,0,26,0,0,0,0,24,26,0,0,2,2,0,0,2588,0,0,0,0
114,1,1,2,4,40,1,2,0,270,30,0,27,10,0,50,0,26,25,84,0,2,1,1,0,3121,0,0,0,0
115,1,1,2,4,50,1,3,0,300,60,0,30,12,0,50,0,25,47,5,0,2,1,1,0,4262,0,0,0,0
121,1,1,3,7,100,1,0,0,320,0,0,32,0,0,0,0,27,5,0,0,3,2,0,0,8524,0,0,0,0
122,1,1,3,7,140,1,0,0,380,0,0,38,0,0,0,0,27,25,87,5,3,2,1,1,11569,0,0,0,0
123,1,1,3,8,160,1,4,0,410,80,0,41,16,0,40,0,28,86,5,0,1,2,1,0,42013,0,0,0,0
124,1,1,3,8,200,1,2,0,600,120,0,60,24,0,40,0,28,88,5,0,1,1,1,0,78547,0,0,0,0
125,1,1,3,4,100,1,0,0,330,0,0,33,0,0,0,0,27,24,5,0,3,1,1,0,7992,1,0,0,0
131,1,1,4,11,300,1,2,3,800,250,150,80,30,30,40,30,29,89,0,0,1,1,0,0,155876,0,0,0,0
132,1,1,4,11,400,1,3,4,880,250,120,88,36,9,40,30,29,8,0,0,2,3,0,0,272782,0,0,0,0
133,1,1,4,11,500,1,2,3,1100,400,300,110,80,80,40,30,30,50,0,0,1,1,0,0,1247005,0,0,0,0
134,1,1,4,11,450,1,2,4,1000,360,150,100,70,70,40,30,29,90,88,0,2,1,1,0,818347,3,0,0,0
135,1,1,4,11,300,1,2,3,825,220,132,83,33,22,40,30,201,28,66,0,2,1,1,0,196062,0,0,0,0
136,1,1,4,11,400,1,3,4,990,165,275,99,33,28,40,30,207,8,48,0,2,1,2,0,272782,0,0,0,0
137,1,1,4,11,450,1,2,3,935,528,385,94,105,77,40,30,210,211,88,0,2,1,1,0,818347,0,0,0,0
138,1,1,4,11,500,1,2,4,1485,396,132,149,77,20,40,30,213,214,50,0,3,1,1,0,1480818,0,0,0,0
141,1,1,5,12,2000,1,2,3,2000,600,400,220,120,120,50,50,11,31,51,71,1,1,1,1,39904152,0,0,0,0
142,1,1,5,12,1500,1,2,3,1600,450,300,160,90,60,40,40,10,11,9,30,1,1,2,2,12002421,0,0,0,0
143,1,1,5,12,1500,1,2,3,1815,440,275,182,88,55,40,40,202,208,209,30,2,2,1,1,13093550,6,0,0,0
144,1,1,5,12,1800,1,2,4,2310,550,132,231,110,13,40,40,203,212,211,31,1,2,4,1,42398162,8,0,0,0
151,1,1,6,15,3000,1,2,4,3410,638,220,341,130,22,40,40,215,214,203,31,2,4,2,2,62350238,0,0,0,0
201,1,2,1,1,2,1,0,0,44,0,0,4,0,0,0,0,23,1,0,0,1,1,0,0,48,0,0,0,0
202,1,2,1,1,2,1,0,0,75,0,0,8,0,0,0,0,23,1,0,0,2,1,0,0,86,0,0,0,0
203,1,2,1,1,4,1,4,0,68,8,0,7,1,0,50,0,23,63,0,0,2,1,0,0,114,0,0,0,0
204,1,2,1,1,4,1,2,0,81,9,0,8,2,0,50,0,23,63,0,0,2,2,0,0,152,0,0,0,0
205,1,2,1,2,6,1,3,2,88,10,10,9,2,2,50,50,23,1,63,2,2,1,2,1,181,0,0,0,0
211,1,2,2,3,10,1,0,0,150,0,0,15,0,0,0,0,24,5,0,0,2,1,0,0,761,0,0,0,0
212,1,2,2,3,20,1,0,0,180,0,0,18,0,0,0,0,46,41,0,0,1,1,0,0,1227,0,0,0,0
213,1,2,2,3,30,1,4,0,240,40,0,24,5,0,50,0,24,67,0,0,2,1,0,0,2588,0,0,0,0
214,1,2,2,4,40,1,3,0,290,80,0,29,10,0,50,0,26,24,7,62,1,1,1,1,3748,0,0,0,0
215,1,2,2,4,50,1,2,3,300,50,40,30,12,12,50,50,26,25,5,0,2,2,1,0,4262,0,0,0,0
221,1,2,3,7,100,1,0,0,450,0,0,45,0,0,0,0,27,26,66,0,3,2,1,0,10960,0,0,0,0
222,1,2,3,7,140,1,3,0,420,40,0,42,16,0,40,0,27,26,87,0,3,2,1,0,12178,0,0,0,0
223,1,2,3,8,160,1,4,0,475,30,0,48,9,0,40,0,28,86,5,0,1,2,1,0,42013,0,0,0,0
224,1,2,3,8,200,1,2,3,550,110,110,55,22,22,40,40,28,88,5,0,1,1,1,0,78547,0,0,0,0
225,1,2,3,4,100,1,0,0,460,0,0,46,0,0,0,0,27,26,5,0,3,1,1,0,9133,1,0,0,0
226,1,2,3,8,240,1,2,3,670,220,110,70,44,22,40,30,28,5,66,0,2,2,1,0,80373,2,0,0,0
231,1,2,4,11,300,1,2,3,850,250,240,85,40,40,40,30,29,89,0,0,1,1,0,0,155876,0,0,0,0
232,1,2,4,11,400,1,4,3,900,180,240,90,10,40,40,30,29,8,0,0,2,3,0,0,272782,0,0,0,0
233,1,2,4,11,500,1,2,3,1200,400,400,120,90,90,40,30,30,50,0,0,1,1,0,0,1247005,0,0,0,0
234,1,2,4,11,300,1,2,3,836,264,132,84,53,24,40,30,201,28,66,0,2,1,1,0,196062,0,0,0,0
235,1,2,4,11,350,1,2,3,836,385,264,84,77,48,40,30,204,29,67,0,2,1,1,0,236249,0,0,0,0
236,1,2,4,11,450,1,2,3,968,539,374,97,108,70,64,30,210,211,29,0,2,1,1,0,857316,0,0,0,0
237,1,2,4,11,500,1,2,3,1540,418,418,154,84,44,40,30,213,214,50,0,3,1,1,0,1480818,0,0,0,0
241,1,2,5,12,1500,1,2,3,1700,480,380,180,98,76,40,40,31,51,71,0,1,1,1,0,29928114,4,0,0,0
242,1,2,5,12,1800,1,2,3,2420,550,330,242,110,66,40,40,206,212,211,31,2,1,4,1,42398162,8,0,0,0
301,1,3,1,1,2,1,0,0,44,0,0,4,0,0,0,0,1,3,0,0,1,1,0,0,48,0,0,0,0
302,1,3,1,1,2,1,0,0,50,0,0,5,0,0,0,0,1,41,3,0,1,1,1,0,57,0,0,0,0
303,1,3,1,1,4,1,4,0,63,6,0,6,1,0,50,0,1,42,23,3,1,1,1,1,105,0,0,0,0
304,1,3,1,1,4,1,2,0,69,9,0,7,3,0,50,0,1,23,43,3,1,1,1,1,124,0,0,0,0
305,1,3,1,2,6,1,3,2,94,13,13,9,4,4,50,50,1,44,3,0,1,2,1,0,200,0,0,0,0
311,1,3,2,3,10,1,0,0,130,0,0,13,0,0,0,0,1,45,3,0,1,1,1,0,656,0,0,0,0
312,1,3,2,3,20,1,0,0,190,0,0,19,0,0,0,0,1,24,6,0,1,1,1,0,1303,0,0,0,0
313,1,3,2,3,30,1,2,0,230,46,0,23,8,0,50,0,1,26,3,0,1,2,1,0,2483,0,0,0,0
314,1,3,2,4,40,1,4,3,270,25,55,27,3,10,50,50,27,6,0,0,1,1,0,0,3653,0,0,0,0
315,1,3,2,4,50,1,2,3,300,50,40,30,12,12,50,50,27,85,6,0,1,1,1,0,4262,0,0,0,0
321,1,3,3,7,100,1,0,0,450,0,0,45,0,0,0,0,47,66,6,0,3,2,1,0,10960,0,0,0,0
322,1,3,3,7,140,1,3,0,440,80,0,44,16,0,40,0,27,7,6,0,3,2,1,0,13396,0,0,0,0
323,1,3,3,8,160,1,4,0,470,45,0,47,5,0,40,0,28,86,6,0,1,2,1,0,42622,0,0,0,0
324,1,3,3,8,200,1,2,3,520,170,170,52,24,100,40,20,49,6,0,0,1,1,0,0,79156,0,0,0,0
325,1,3,3,4,100,1,0,0,460,0,0,46,0,0,0,0,27,26,5,0,3,1,1,0,9133,1,0,0,0
326,1,3,3,8,240,1,3,2,670,220,110,70,44,22,40,30,28,6,82,0,2,2,1,0,80392,2,0,0,0
331,1,3,4,11,300,1,2,3,750,300,300,75,30,80,40,20,49,89,6,0,1,1,1,0,157093,0,0,0,0
332,1,3,4,11,400,1,4,3,950,200,350,95,9,46,40,30,29,49,8,0,2,1,1,0,272782,0,0,0,0
333,1,3,4,11,500,1,2,3,1200,400,400,110,90,90,40,30,30,10,48,0,1,1,1,0,1285974,0,0,0,0
334,1,3,4,11,350,1,2,4,780,300,250,78,60,25,50,30,49,29,28,0,1,1,1,0,194844,5,0,0,0
335,1,3,4,11,400,1,3,4,1045,176,286,105,35,25,40,30,207,8,88,0,1,1,2,0,194844,0,0,0,0
336,1,3,4,11,500,1,2,3,1540,418,418,154,84,42,40,30,213,214,10,0,3,1,1,0,1480818,0,0,0,0
341,1,3,5,12,1500,1,2,3,1700,420,400,180,82,80,40,40,31,71,11,0,1,1,1,0,29928114,4,0,0,0
342,1,3,5,12,1500,1,2,4,1870,418,220,187,84,20,40,40,205,208,209,30,2,2,1,1,13093550,6,0,0,0
401,1,4,1,1,2,1,0,0,31,0,0,3,0,0,0,0,1,81,0,0,1,2,0,0,29,0,0,0,0
402,1,4,1,1,2,1,0,0,44,0,0,4,0,0,0,0,1,82,0,0,1,2,0,0,48,0,0,0,0
403,1,4,1,1,4,1,4,0,56,6,0,6,1,0,50,0,1,83,0,0,1,2,0,0,86,0,0,0,0
404,1,4,1,1,4,1,3,0,75,15,0,8,3,0,50,0,1,81,82,83,1,2,2,2,143,0,0,0,0
405,1,4,1,2,6,1,3,2,94,13,13,9,4,4,50,50,1,84,23,0,1,2,1,0,200,0,0,0,0
411,1,4,2,3,10,1,0,0,145,0,0,15,0,0,0,0,1,85,4,43,1,1,1,1,733,0,0,0,0
412,1,4,2,3,20,1,0,0,252,0,0,25,0,0,0,0,46,63,85,0,1,1,1,0,1865,0,0,0,0
413,1,4,2,3,30,1,2,0,230,50,0,23,40,0,50,0,47,61,81,0,1,1,3,0,2474,0,0,0,0
414,1,4,2,4,40,1,4,0,280,30,0,28,3,0,50,0,46,24,87,0,1,1,1,0,3729,0,0,0,0
415,1,4,2,4,50,1,2,3,300,40,40,30,12,12,50,50,47,25,83,0,1,3,2,0,4338,0,0,0,0
421,1,4,3,7,100,1,3,4,320,50,30,32,14,4,40,30,47,83,87,0,2,2,2,0,9818,0,0,0,0
422,1,4,3,7,140,1,3,2,380,70,50,38,16,16,40,30,47,66,7,0,2,2,2,0,12178,0,0,0,0
423,1,4,3,8,160,1,2,3,420,50,40,42,16,46,40,20,48,42,44,87,1,2,1,1,41519,0,0,0,0
424,1,4,3,8,200,1,3,2,550,150,70,55,60,24,20,40,48,88,85,0,1,1,1,0,78547,0,0,0,0
425,1,4,3,8,240,1,3,2,670,220,110,70,44,22,40,30,28,45,82,0,2,2,1,0,79175,2,0,0,0
431,1,4,4,11,300,1,3,2,780,300,300,78,80,15,60,20,49,89,7,0,1,1,1,0,158311,0,0,0,0
432,1,4,4,11,400,1,4,3,980,200,320,98,18,36,30,40,29,49,8,0,2,1,1,0,272782,0,0,0,0
433,1,4,4,11,500,1,3,2,1200,400,400,120,90,90,40,30,30,10,88,0,1,1,1,0,1285974,0,0,0,0
434,1,4,4,11,450,1,3,4,1000,360,160,100,80,80,40,30,29,70,47,0,2,1,2,0,784249,3,0,0,0
435,1,4,4,11,350,1,2,4,780,300,250,78,60,25,50,30,89,25,68,0,2,2,1,0,196062,5,0,0,0
436,1,4,4,11,350,1,3,2,825,385,275,83,77,70,50,30,204,29,66,0,2,1,1,0,235031,0,0,0,0
437,1,4,4,11,500,1,3,2,1540,418,418,154,84,44,40,30,213,214,30,0,3,1,1,0,1480818,0,0,0,0
441,1,4,5,12,1500,1,3,2,1700,500,390,180,100,78,40,40,51,91,11,0,1,1,1,0,29928114,4,0,0,0
442,1,4,5,12,1500,1,4,2,1870,517,220,187,103,20,40,40,205,214,203,10,2,2,1,1,13093550,7,0,0,0
501,2,5,1,1,2,3,2,0,30,12,0,3,2,0,40,0,61,62,0,0,1,1,0,0,29,0,0,0,0
502,2,5,1,1,2,3,2,0,40,16,0,4,3,0,40,0,62,61,0,0,2,1,0,0,48,0,0,0,0
503,2,5,1,1,4,3,2,0,50,20,0,5,4,0,40,0,62,82,0,0,2,1,0,0,57,0,0,0,0
504,2,5,1,1,4,3,2,0,70,28,0,7,6,0,40,0,62,83,0,0,2,1,0,0,76,0,0,0,0
505,2,5,1,2,6,3,2,0,100,40,0,10,8,0,40,0,63,1,0,0,3,1,0,0,124,0,0,0,0
511,2,5,2,3,10,3,2,0,120,48,0,12,10,0,40,0,62,45,0,0,3,1,0,0,666,0,0,0,0
512,2,5,2,3,20,3,2,0,140,56,0,14,11,0,40,0,63,45,0,0,3,1,0,0,723,0,0,0,0
513,2,5,2,3,30,3,2,0,190,76,0,19,15,0,40,0,64,85,0,0,3,2,0,0,1446,0,0,0,0
514,2,5,2,4,40,3,2,0,260,104,0,26,21,0,40,0,63,46,4,0,3,2,2,0,2702,0,0,0,0
515,2,5,2,4,50,3,2,0,290,116,0,29,23,0,40,0,6,61,64,0,3,1,1,0,3739,0,0,0,0
521,2,5,3,7,100,3,2,0,370,148,0,37,30,0,40,0,65,64,87,0,3,1,2,0,6774,0,0,0,0
522,2,5,3,7,140,3,2,0,400,160,0,40,32,0,40,0,67,66,46,0,3,2,1,0,10960,0,0,0,0
523,2,5,3,8,160,3,2,0,450,180,0,45,36,0,40,0,68,67,0,0,1,1,0,0,41404,0,0,0,0
524,2,5,3,8,200,3,2,0,600,240,0,60,48,0,40,0,68,0,0,0,2,0,0,0,77938,0,0,0,0
531,2,5,4,11,300,3,2,1,800,340,260,80,68,40,40,30,69,28,67,0,2,2,1,0,236249,0,0,0,0
532,2,5,4,11,400,3,2,4,990,400,200,99,80,10,40,30,69,89,0,0,3,2,0,0,389689,0,0,0,0
533,2,5,4,11,500,3,2,1,1200,480,380,120,90,90,40,30,70,10,0,0,1,1,0,0,1247005,0,0,0,0
534,2,5,4,11,350,3,2,4,850,370,220,85,74,22,50,30,69,68,29,0,2,2,1,0,311751,5,0,0,0
535,2,5,4,11,350,3,2,0,1000,500,0,100,100,0,40,0,204,28,67,0,3,2,1,0,314187,0,0,0,0
601,2,6,1,1,2,3,2,0,30,12,0,3,2,0,40,0,21,22,0,0,1,1,0,0,29,0,0,0,0
602,2,6,1,1,2,3,2,0,56,22,0,6,4,0,40,0,23,2,0,0,1,1,0,0,57,0,0,0,0
603,2,6,1,1,4,3,2,0,72,28,0,7,6,0,40,0,24,2,0,0,1,1,0,0,95,0,0,0,0
604,2,6,1,1,4,3,2,0,85,34,0,9,7,0,40,0,24,2,0,0,2,1,0,0,171,0,0,0,0
605,2,6,1,2,6,3,2,0,145,58,0,15,12,0,40,0,65,0,0,0,1,0,0,0,609,0,0,0,0
611,2,6,2,3,10,3,2,0,165,66,0,17,13,0,40,0,24,5,0,0,3,1,0,0,837,0,0,0,0
612,2,6,2,3,20,3,2,0,200,80,0,20,16,0,40,0,26,24,0,0,1,2,0,0,1370,0,0,0,0
613,2,6,2,3,30,3,2,0,260,104,0,26,21,0,40,0,26,25,0,0,1,2,0,0,2436,0,0,0,0
614,2,6,2,4,40,3,2,0,290,116,0,29,23,0,40,0,65,26,0,0,3,1,0,0,3044,0,0,0,0
615,2,6,2,4,50,3,2,0,310,124,0,31,25,0,40,0,27,26,5,0,1,1,1,0,4262,0,0,0,0
621,2,6,3,7,100,3,2,0,330,132,0,33,26,0,40,0,27,4,3,0,2,2,1,0,5061,0,0,0,0
622,2,6,3,7,140,3,2,0,400,160,0,40,32,0,40,0,27,47,0,0,2,2,0,0,9742,0,0,0,0
623,2,6,3,8,160,3,2,0,450,180,0,45,36,0,40,0,28,27,83,0,1,1,2,0,41481,0,0,0,0
624,2,6,3,8,200,3,2,0,600,240,0,60,48,0,40,0,28,87,0,0,2,1,0,0,80373,0,0,0,0
625,2,6,3,4,100,3,2,0,350,140,0,35,28,0,40,0,27,5,65,0,3,1,1,0,8524,1,0,0,0
626,2,6,3,8,240,3,2,0,640,250,0,64,50,0,40,0,28,26,66,0,2,2,1,0,81591,2,0,0,0
631,2,6,4,11,300,3,2,1,700,180,120,70,36,60,40,30,29,89,0,0,1,1,0,0,155876,0,0,0,0
632,2,6,4,11,400,3,2,4,780,200,120,78,40,10,40,30,29,88,0,0,2,2,0,0,233813,0,0,0,0
633,2,6,4,11,500,3,2,1,1200,480,380,120,80,80,40,30,70,50,0,0,1,1,0,0,1247005,0,0,0,0
634,2,6,4,11,450,3,2,1,1100,440,340,110,70,70,40,30,29,70,6,0,2,1,2,0,781814,3,0,0,0
635,2,6,4,11,450,3,2,1,1080,400,350,108,80,10,40,30,210,211,68,0,3,1,1,0,896285,0,0,0,0
641,2,6,5,12,1500,3,2,1,1600,520,400,160,100,82,40,30,71,31,91,0,1,1,1,0,29928114,4,0,0,0
642,2,6,5,12,1500,3,2,1,1520,490,390,152,98,78,40,30,202,209,30,0,4,1,1,0,13093550,6,0,0,0
643,2,6,5,12,1500,3,2,1,1540,480,400,154,96,80,40,30,214,206,30,0,4,1,1,0,13093550,7,0,0,0
644,2,6,5,12,1800,3,2,1,1800,550,550,180,110,110,40,30,212,211,206,70,2,3,1,2,33045626,8,0,0,0
701,3,7,1,1,1,1,2,4,10,3,3,1,1,1,50,40,1,0,0,0,1,0,0,0,10,0,0,0,0
702,3,7,1,1,1,1,2,4,20,6,6,2,1,1,50,40,22,0,0,0,1,0,0,0,19,0,0,0,0
703,3,7,1,1,2,3,1,4,30,9,9,3,2,2,50,40,21,22,0,0,1,1,0,0,29,0,0,0,0
704,3,7,1,1,2,3,1,4,40,12,12,4,2,2,50,40,21,22,0,0,2,2,0,0,57,0,0,0,0
705,3,7,1,2,3,2,3,4,50,15,15,5,3,3,50,40,82,3,0,0,2,2,0,0,114,0,0,0,0
711,3,7,2,3,5,1,3,4,100,30,30,10,4,2,40,30,45,0,0,0,1,0,0,0,609,0,0,0,0
712,3,7,2,3,10,2,1,4,120,36,36,12,4,4,40,30,25,22,82,0,1,2,2,0,685,0,0,0,0
713,3,7,2,3,15,2,1,4,130,40,40,13,4,4,40,30,25,0,0,0,2,0,0,0,1218,0,0,0,0
714,3,7,2,4,20,3,2,4,140,42,42,14,5,5,40,30,84,26,0,0,2,1,0,0,1370,0,0,0,0
715,3,7,2,4,25,3,2,4,150,45,45,15,6,6,40,30,26,25,83,0,1,1,2,0,1903,0,0,0,0
721,3,7,3,7,50,1,3,4,200,60,60,20,8,8,40,30,27,0,0,0,2,0,0,0,4871,1,0,0,0
722,3,7,3,7,70,1,3,4,220,66,66,22,8,8,40,30,87,27,0,0,2,1,0,0,7307,0,0,0,0
723,3,7,3,8,80,3,2,4,240,72,72,24,8,8,40,30,86,27,0,0,2,3,0,0,9742,0,0,0,0
724,3,7,3,8,100,2,1,4,280,76,76,28,9,9,40,30,48,81,82,83,1,1,1,1,39035,0,0,0,0
725,3,7,3,8,120,1,3,4,290,78,40,29,10,9,40,30,28,85,82,0,1,1,1,0,39597,2,0,0,0
731,3,7,4,11,150,3,2,4,300,80,80,30,12,12,40,30,88,28,0,0,1,1,0,0,77938,0,0,0,0
732,3,7,4,11,200,2,3,4,340,140,120,34,14,14,40,30,89,8,0,0,1,1,0,0,116907,0,0,0,0
733,3,7,4,11,250,1,3,4,400,300,200,40,30,20,40,30,90,48,0,0,1,1,0,0,662471,0,0,0,0
741,3,7,5,11,1000,1,3,4,550,440,330,100,40,30,40,30,91,25,0,0,1,3,0,0,9977865,0,0,0,0
742,3,7,5,11,750,1,3,4,450,380,250,90,38,25,40,30,10,9,30,0,2,2,2,0,2649885,0,0,0,0
743,3,7,5,12,750,1,3,4,500,420,300,100,42,30,40,30,91,25,0,0,1,1,0,0,9976647,4,0,0,0
744,3,7,5,12,750,1,3,4,528,429,275,106,43,27,40,30,208,90,0,0,4,1,0,0,3117512,6,0,0,0
801,3,8,1,1,1,1,3,4,10,3,3,1,1,1,50,40,1,0,0,0,1,0,0,0,10,0,0,0,0
802,3,8,1,1,1,1,3,4,20,6,6,2,1,1,50,40,22,0,0,0,1,0,0,0,19,0,0,0,0
803,3,8,1,1,2,2,3,4,30,9,9,3,2,2,50,40,21,81,0,0,1,2,0,0,29,0,0,0,0
804,3,8,1,1,2,3,2,4,40,12,12,4,2,2,50,40,23,82,0,0,1,1,0,0,57,0,0,0,0
805,3,8,1,2,3,3,2,4,70,24,20,7,3,2,50,40,25,0,0,0,1,0,0,0,609,0,0,0,0
811,3,8,2,3,5,3,2,4,100,30,30,10,6,6,40,30,25,82,0,0,1,2,0,0,647,0,0,0,0
812,3,8,2,3,10,3,2,4,120,36,36,12,7,7,40,30,25,83,82,0,1,2,2,0,723,0,0,0,0
813,3,8,2,3,15,2,1,4,130,40,40,13,8,8,40,30,21,85,0,0,1,2,0,0,1227,0,0,0,0
814,3,8,2,4,20,1,3,4,140,42,42,14,9,9,40,30,25,83,82,0,2,2,2,0,1332,0,0,0,0
815,3,8,2,4,25,1,3,4,170,48,48,17,10,10,40,30,26,63,86,0,1,2,1,0,2512,0,0,0,0
821,3,8,3,7,50,1,3,4,200,60,60,20,12,12,40,30,25,27,67,0,1,1,1,0,5480,0,0,0,0
822,3,8,3,7,70,3,1,4,220,66,66,22,14,14,40,30,25,47,0,0,2,2,0,0,6089,0,0,0,0
823,3,8,3,8,80,2,3,4,240,72,72,24,15,15,40,30,25,86,87,0,2,2,2,0,8524,0,0,0,0
824,3,8,3,8,100,2,1,4,280,76,76,28,18,18,40,30,25,88,0,0,1,1,0,0,39578,0,0,0,0
825,3,8,3,8,80,2,3,4,260,75,75,26,16,16,40,30,25,86,87,0,2,3,2,0,9742,0,0,0,0
831,3,8,4,11,150,3,2,4,320,120,100,32,20,20,40,30,9,83,0,0,1,3,0,0,78052,0,0,0,0
832,3,8,4,11,200,3,2,4,340,140,120,34,24,20,40,30,89,8,0,0,1,1,0,0,116907,0,0,0,0
833,3,8,4,11,250,2,1,3,400,300,200,40,30,20,40,30,30,68,0,0,1,1,0,0,662471,0,0,0,0
834,3,8,4,11,225,2,1,4,360,200,110,36,27,20,40,30,29,89,84,0,2,2,2,0,311903,3,0,0,0
835,3,8,4,11,170,1,3,4,330,125,80,33,12,10,40,30,29,27,83,81,1,1,1,1,80421,5,0,0,0
836,3,8,4,11,150,2,1,4,330,110,110,33,22,11,40,30,201,27,0,0,1,1,0,0,80373,0,0,0,0
837,3,8,4,11,200,2,1,4,352,154,110,35,31,11,40,30,207,68,0,0,1,1,0,0,116907,0,0,0,0
838,3,8,4,11,225,2,1,4,462,319,220,46,64,22,40,30,211,27,0,0,1,3,0,0,630809,0,0,0,0
841,3,8,5,12,750,2,1,4,539,484,319,54,97,32,40,30,215,25,0,0,1,3,0,0,9977865,7,0,0,0
842,3,8,5,12,900,1,2,4,605,495,352,61,99,35,40,30,212,211,213,0,1,2,2,0,11378918,8,0,0,0