code,type,grade,relativeDropRate,powder
1,1,1,67108864,1
2,1,1,33554432,1
3,1,1,16777216,2
4,1,1,8388608,4
5,1,2,1048576,8
6,1,2,524288,16
7,1,2,262144,32
8,1,3,16384,64
9,1,3,8192,128
10,1,4,1024,256
11,1,5,64,512
21,2,1,67108864,1
22,2,1,33554432,1
23,2,1,16777216,2
24,2,1,8388608,4
25,2,2,1048576,8
26,2,2,524288,16
27,2,2,262144,32
28,2,3,16384,64
29,2,3,8192,128
30,2,4,1024,256
31,2,5,64,512
41,3,1,67108864,1
42,3,1,33554432,1
43,3,1,16777216,2
44,3,1,8388608,4
45,3,2,1048576,8
46,3,2,524288,16
47,3,2,262144,32
48,3,3,16384,64
49,3,3,8192,128
50,3,4,1024,256
51,3,5,64,512
61,4,1,67108864,1
62,4,1,33554432,1
63,4,1,16777216,2
64,4,1,8388608,4
65,4,2,1048576,8
66,4,2,524288,16
67,4,2,262144,32
68,4,3,16384,64
69,4,3,8192,128
70,4,4,1024,256
71,4,5,64,512
81,5,1,67108864,1
82,5,1,33554432,1
83,5,1,16777216,2
84,5,1,8388608,4
85,5,2,1048576,8
86,5,2,524288,16
87,5,2,262144,32
88,5,3,16384,64
89,5,3,8192,128
90,5,4,1024,256
91,5,5,64,512
201,2,3,8192,128
202,1,4,1024,256
203,3,5,64,512
204,3,3,8192,128
205,1,4,1024,256
206,4,5,64,512
207,1,3,8192,128
208,1,4,1024,256
209,1,5,64,512
210,3,3,8192,128
211,1,4,1024,256
212,2,5,64,512
213,1,3,8192,128
214,5,4,1024,256
215,5,5,64,512