code,grade,stat1_type,stat2_type,stat3_type,stat1,stat2,stat3,stat1_up_per_level,stat2_up_per_level,stat3_up_per_level,relative_drop_rate
1,1,1,0,0,55,0,0,37,0,0,25600
2,1,2,0,0,55,0,0,37,0,0,25600
3,1,3,0,0,55,0,0,37,0,0,25600
4,1,4,0,0,39,0,0,25,0,0,25600
5,1,1,0,0,55,0,0,37,0,0,25600
6,1,2,0,0,55,0,0,37,0,0,25600
7,1,3,0,0,55,0,0,37,0,0,25600
8,1,4,0,0,39,0,0,25,0,0,25600
9,2,1,3,0,123,55,0,77,37,0,3200
10,2,2,4,0,123,39,0,77,25,0,3200
11,2,3,1,0,123,55,0,77,37,0,3200
12,2,4,2,0,87,55,0,55,37,0,3200
13,2,1,2,0,123,55,0,77,37,0,3200
14,2,2,1,0,123,55,0,77,37,0,3200
15,2,3,4,0,123,39,0,77,25,0,3200
16,2,4,3,0,87,55,0,55,37,0,3200
17,3,4,1,0,191,123,0,101,93,0,800
18,3,1,3,0,272,123,0,147,93,0,800
19,3,3,1,0,272,123,0,147,93,0,800
20,3,2,4,0,272,87,0,147,67,0,800
21,4,3,1,4,481,227,87,287,193,87,40
22,4,4,2,1,337,227,123,201,193,121,40
23,4,2,4,3,481,159,123,287,133,121,40
24,4,1,3,2,481,227,123,287,193,121,40
25,5,1,2,3,817,386,209,487,328,205,4
26,5,2,1,3,817,386,209,487,328,205,4